_C_bb7_5ae5fed2_b 8c 0 140 0 0 30782568 0 20202020 0 53503a20 0 25682020 0 20203078 0 3a202020 0 20204952 0 30782568 0 20202020 0 50433a20 
_C_bb7_5ae5fed2_4 8c 0 130 0 0 30782578 0 52333a20 0 25782020 0 3a203078 0 20205232 0 30782578 0 52313a20 0 25782020 0 3a203078 0 5230 
_C_bb7_5ae5fed2_5 8c 0 130 0 0 30782578 0 52373a20 0 25782020 0 3a203078 0 20205236 0 30782578 0 52353a20 0 25782020 0 3a203078 0 5234 
_C_bb7_5ae5fed2_e 8c 0 c0 0 0 65202564 0 2074696d 0 64206174 0 75727265 0 206f6363 0 53544f50 
_C_bb7_5ae5fed2_6 8c 0 b0 0 0 3a202573 0 74617465 0 20204e53 0 3a202573 0 74617465 0 4353 
_C_4dd2_5ae623fe_1 8c 0 60 0 0 3a202564 0 6e646578 0 6e657749 
_C_bb7_5ae5fed2_c 8c 0 130 0 0 20202562 0 4e563a20 0 20205a43 0 30782568 0 20202020 0 4d445220 0 25682020 0 20203078 0 523a2020 0 4d41 
_C_4254_5ae61d00_1 8c 0 60 0 0 3a202562 0 73746572 0 72656769 
_C_4413_5ae61d6f_1 8c 0 60 0 0 3a202568 0 73746572 0 72656769 
_C_bb7_5ae5fed2_1 8c 0 50 0 0 2e686578 0 6d6f7279 0 6d65 
_C_bb7_5ae5fed2_3 8c 0 40 0 0 65202564 0 6379636c 
_C_3da8_5ae61bbf_1 8c 0 58 0 0 3a202564 0 73656c41 0 626967 
_C_bb7_5ae5fed2_7 8c 0 118 0 0 3a202573 0 20574549 0 3a202573 0 20524549 0 3a202573 0 61644343 0 73204c6f 0 743a2025 0 446573 
_C_bb7_5ae5fed2_8 8c 0 120 0 0 3a202573 0 53726342 0 20202020 0 25732020 0 63413a20 0 20205372 0 73202020 0 703a2025 0 414c556f 
_C_bb7_5ae5fed2_d 8c 0 190 0 0 3d3d3d3d 0 3d3d3d3d 0 3d3d3d3d 0 3d3d3d3d 0 3d3d3d3d 0 3d3d3d3d 0 3d3d3d3d 0 3d3d3d3d 0 3d3d3d3d 0 3d3d3d3d 0 3d3d3d3d 0 3d3d3d3d 0 3d3d 
_C_bb7_5ae5fed2_f 94 0 20 0 0 4 
_C_bb7_5ae5fed2_a 8c 0 140 0 0 30782568 0 75743a20 0 414c554f 0 25682020 0 3a203078 0 55496e42 0 2020414c 0 30782568 0 6e413a20 0 414c5549 
_C_bb7_5ae5fed2_2 84 0 3e00 0 0 0 0 0 0 0 0 0 0 0 0 0 0 0 0 0 0 0 0 0 0 0 0 0 0 0 0 0 0 0 0 0 0 0 0 0 0 0 0 0 0 0 0 0 0 0 0 0 0 0 0 0 0 0 0 0 0 0 0 0 0 0 0 0 0 0 0 0 0 0 0 0 0 0 0 0 0 0 0 0 0 0 0 0 0 0 0 0 0 0 0 0 0 0 0 0 0 0 0 0 0 0 0 0 0 0 0 0 0 0 0 0 0 0 0 0 0 0 0 0 0 0 0 0 0 0 0 0 0 0 0 0 0 0 0 0 0 0 0 0 0 0 0 0 0 0 0 0 0 0 0 0 0 0 0 0 0 0 0 0 0 0 0 0 0 0 0 0 0 0 0 0 0 0 0 0 0 0 0 0 0 0 0 0 0 0 0 0 0 0 0 0 0 0 0 0 0 0 0 0 0 0 0 0 0 0 0 0 0 0 0 0 0 0 0 0 0 0 0 0 0 0 0 0 0 0 0 0 0 0 0 0 0 0 0 0 0 0 0 0 0 0 0 0 0 0 0 0 0 0 0 0 0 0 0 0 0 0 0 0 0 0 0 0 0 0 0 0 0 0 0 0 0 0 0 0 0 0 0 0 0 0 0 0 0 0 0 0 0 0 0 0 0 0 0 0 0 0 0 0 0 0 0 0 0 0 0 0 0 0 0 0 0 0 0 0 0 0 0 0 0 0 0 0 0 0 0 0 0 0 0 0 0 0 0 0 0 0 0 0 0 0 0 0 0 0 0 0 0 0 0 0 0 0 0 0 0 0 0 0 0 0 0 0 0 0 0 0 0 0 0 0 0 0 0 0 0 0 0 0 0 0 0 0 0 0 0 0 0 0 0 0 0 0 0 0 0 0 0 0 0 0 0 0 0 0 0 0 0 0 0 0 0 0 0 0 0 0 0 0 0 0 0 0 0 0 0 0 0 0 0 0 0 0 0 0 0 0 0 0 0 0 0 0 0 0 0 0 0 0 0 0 0 0 0 0 0 0 0 0 0 0 0 0 0 0 0 0 0 0 0 0 0 0 0 0 0 0 0 0 0 0 0 0 0 0 0 0 0 0 0 0 0 0 0 0 0 0 0 0 0 0 0 0 0 0 0 0 0 0 0 0 0 0 0 0 0 0 0 0 0 0 0 0 0 0 0 0 0 0 0 0 0 0 0 0 0 0 0 0 0 0 0 0 0 0 0 0 0 0 0 0 0 0 0 0 0 0 0 0 0 0 0 0 0 0 0 0 0 0 0 0 0 0 0 0 0 0 0 0 0 0 0 0 0 0 0 0 0 0 0 0 0 0 0 0 0 0 0 0 0 0 0 0 0 0 0 0 0 0 0 0 0 0 0 0 0 0 0 0 0 0 0 0 0 0 0 0 0 0 0 0 0 0 0 0 0 0 0 0 0 0 0 0 0 0 0 0 0 0 0 0 0 0 0 0 0 0 0 0 0 0 0 0 0 0 0 0 0 0 0 0 0 0 0 0 0 0 0 0 0 0 0 0 0 0 0 0 0 0 0 0 0 0 0 0 0 0 0 0 0 0 0 0 0 0 0 0 0 0 0 0 0 0 0 0 0 0 0 0 0 0 0 0 0 0 0 0 0 0 0 0 0 0 0 0 0 0 0 0 0 0 0 0 0 0 0 0 0 0 0 0 0 0 0 0 0 0 0 0 0 0 0 0 0 0 0 0 0 0 0 0 0 0 0 0 0 0 0 0 0 0 0 0 0 0 0 0 0 0 0 0 0 0 0 0 0 0 0 0 0 0 0 0 0 0 0 0 0 0 0 0 0 0 0 0 0 0 0 0 0 0 0 0 0 0 0 0 0 0 0 0 0 0 0 0 0 0 0 0 0 0 0 0 0 0 0 0 0 0 0 0 0 0 0 0 0 0 0 0 0 0 0 0 0 0 0 0 0 0 0 0 0 0 0 0 0 0 0 0 0 0 0 0 0 0 0 0 0 0 0 0 0 0 0 0 0 0 0 0 0 0 0 0 0 0 0 0 0 0 0 0 0 0 0 0 0 0 0 0 0 0 0 0 0 0 0 0 0 0 0 0 0 0 0 0 0 0 0 0 0 0 0 0 0 0 0 0 0 0 0 0 0 0 0 0 0 0 0 0 0 0 0 0 0 0 0 0 0 0 0 0 0 0 0 0 0 0 0 0 0 0 0 0 0 0 0 0 0 0 0 0 
_C_bb7_5ae5fed2_9 8c 0 d0 0 0 3a202568 0 64647242 0 20202041 0 20202020 0 20256820 0 6472413a 0 4164 
_C_34a3_5ae61786_1 8c 0 48 0 0 3a202564 0 6e646578 0 69 
